445690
292340
442260
159800
361580
285000
287300
287310
290080
284980
287320
287330
252400
252420
252410
284990
285010
148020
285020
315480
448590
448600
422420
105780
290130
368200
367760
367770
427110
388280
427120
326240
385560
270800
307010
319870
292050
403990
442550
442560
442570
234310
241390
401170
300640
266160
282000
114100
451670
295020
295000
432600
397410
397420
276650
437370
375270
411720
417450
442320
399580
336160
326230
272560
385550
196230
315960
455890
252730
252720
379780
453330
219390
354240
368590
437350
455960
449580
267490
267500
267450
267440
446700
388420
448630
140570
140580
379790
385540
183710
310080
174360
136340
281990
272570
250730
291680
371150
183700
278240
275750
270810
302450
334700
334690
253280
253290
407310
332930
304780
306520
293180
448490
454320
395290
395280
368190
402460
395270
438900
367740
407300
381560
441540
381570
346000
453060
304760
404470
332940
322400
322410
354350
432850
448510
424460
401590
314700
390950
432840
419170
434730
456100
306530
304770
375760
140950
152870
192720
434960
403790
438740
137930
407160
407170
310960
227550
227560
102110
243880
252000
267770
252710
243890
315270
289480
227540
447780
453530
447820
453540
305540
365040
357870
400970
396500
377990
417630
412560
364960
412570
364980
292160
364990
404540
364970
365000
300610
138530
445910
289260
289250
310970
143850
269370
292150
453950
139280
237440
319640
160580
114820
387270
440340
412770
418670
371450
248270
139310
139320
137610
272580
157450
105010
123320
341850
329200
147970
448290
429000
360750
435420
448300
418660
133690
441680
429010
245340
456610
329750
261110
261120
305080
458250
381170
458260
381180
228810
091230
098560
138520
157490
228800
227570
261140
130680
245350
091220
307510
453870
236350
123310
241180
292560
150460
302190
157500
307520
117690
245360
414780
371470
396520
371460
456680
396510
438320
371160
166400
233160
232080
261060
261070
250780
277640
277650
277630
376410
447770
438330
387280
449690
449680
143860
138540
228790
394670
394660
276000
449170
139260
139220
139290
139270
139250
139230
139240
228820
225060
182480
225040
225030
451530
203780
182490
174350
275980
211560
217770
225050
195930
195920
451540
192090
204480
217780
210780
423920
448570
285690
292730
402520
278530
226980
337160
363580
337150
223190
237350
252650
360140
252670
448310
448320
305720
457690
271060
457700
439860
368680
395170
337120
325010
395160
395150
266370
101280
445290
401470
385520
385510
373490
445150
423160
306950
292190
404260
229720
289040
156080
278540
275280
275290
275300
269420
291890
433970
433980
434060
329650
329660
329670
352540
315930
271050
261220
300950
266390
279530
280940
132030
138910
439870
114260
292770
276990
102960
352560
273140
244620
428560
314250
379800
453660
453650
276970
200030
218420
449180
453630
453640
379810
409820
409810
304940
449190
455030
261250
261260
261270
261240
280930
411420
390390
441640
390400
437080
308620
304670
304660
419420
266360
244580
091160
325020
211900
237370
244670
102780
448330
251350
437070
446690
456250
400570
144600
091170
453820
453810
091180
363570
273130
102970
419430
283580
169950
204450
099140
415340
428510
256750
372330
279540
229200
233740
360150
251340
226490
359210
337140
138920
244660
375770
266410
298770
450190
450180
266420
364690
069500
284430
321410
219480
176950
152380
117700
214980
153130
122630
185680
140700
213610
117460
140710
114800
117680
411540
295040
449540
455860
444200
363510
292500
404650
438570
438560
400590
433330
399110
447620
446720
455850
400580
220130
415760
413220
450910
423170
429980
429990
452360
436140
433220
451150
407830
442090
407820
448100
413930
458030
426150
444490
440910
108590
145850
153270
167860
148070
294400
069660
253250
253230
253240
331910
100910
200250
450120
104530
114470
130730
411860
394340
394350
430500
426330
449770
449780
453080
139660
138230
225800
230480
373790
104520
441330
445930
445950
454180
291630
291620
316670
122260
458210
435530
435540
435550
437550
419890
429870
454780
441800
385720
410870
456600
426020
426030
385710
404120
451060
168300
422260
452440
332500
105190
448870
448880
385600
385590
380340
414270
356540
411060
277540
225130
114460
365780
299070
299080
411050
446770
435040
181480
190620
440640
265690
152500
291130
342140
452250
453850
280320
360200
438080
309230
402970
367380
438100
456880
440650
391590
391600
455660
143460
245710
371130
131890
108450
226380
322130
272220
272230
322120
322150
316300
448540
433500
256440
145670
196030
238720
205720
447430
416090
168580
219900
272910
371870
354500
251890
305050
457480
261920
152100
295820
253150
253160
447660
395750
395760
278420
436180
453010
227830
122090
292750
309210
333940
333950
333960
333970
333980
429740
449450
269540
269530
433850
433860
433870
433880
251590
161510
251600
451600
289670
298340
442580
419650
438210
415920
278620
429760
287180
332610
456200
426410
332620
238670
373530
256450
239660
421320
451000
280920
266550
301410
301400
328370
301440
376250
213630
189400
195970
195980
433250
215620
391670
391680
